  2.0000000e+000  2.3785245e+000  4.3300918e+000  2.8242960e+000  4.5865072e+000  4.3594298e+000  2.1802691e+000  2.5899240e+000  3.4186265e+000  4.4045811e+000  1.5164982e+000
  2.0000000e+000  2.4103617e+000  2.7629200e+000  1.8012132e+000  3.2388215e+000  4.3463471e+000  2.9479097e+000  3.7761853e+000  1.3146242e+000  3.0357856e+000  4.1825933e+000
  2.0000000e+000  2.4316451e+000  2.8124977e+000  1.6051048e+000  2.5584930e+000  3.2974780e+000  2.6529598e+000  5.3916942e+000  1.9087016e+000  3.0861098e+000  1.6838555e+000
  1.0000000e+000  3.1953096e+000  4.5598902e+000  1.8726878e+000  2.9141864e+000  3.1719711e+000  3.6472160e+000  3.3220887e+000  2.6100547e+000  3.6821507e+000  2.4035751e+000
  2.0000000e+000  4.9731331e+000  3.2127308e+000  2.6482538e+000  2.9369079e+000  2.2139155e+000  1.9634225e+000  4.0760610e+000  2.0357122e+000  1.8216743e+000  1.0490226e+000
  2.0000000e+000  1.5040276e+000  3.6430161e+000  4.0018983e+000  2.9387159e+000  2.6695094e+000  3.2156439e+000  3.8706576e+000  3.8932543e+000  2.6351870e+000  3.6607581e+000
  1.0000000e+000  3.1516970e+000  2.4578634e+000  3.9552405e+000  4.1430519e+000  3.1385685e+000  2.4894333e+000  3.0665281e+000  3.2635456e+000  2.4270530e+000  3.6132269e+000
  2.0000000e+000  8.4025753e-001  2.9374971e+000  2.2419493e+000  2.2546181e+000  3.7903106e+000  2.6588417e+000  2.9407770e+000  2.8753891e+000  1.5704918e+000  2.9660439e+000
  2.0000000e+000  4.1383377e+000  2.7974342e+000  4.3218238e+000  2.8688349e+000  4.0042398e+000  3.3316333e+000  2.5510654e+000  3.3427730e+000  3.6976639e+000  1.4091953e+000
  2.0000000e+000  2.4542292e+000  3.6691701e+000  2.5412692e+000  1.1922666e+000  3.2314709e+000  1.1475615e+000  3.7055869e+000  2.9997660e+000  3.8077606e+000  4.2942040e+000
  2.0000000e+000  2.9003175e+000  3.7627154e+000  2.0735706e+000  2.9864266e+000  9.4958706e-001  2.7232314e+000  3.0469943e+000  3.0478414e+000  4.4538295e+000  1.6534226e+000
  2.0000000e+000  4.1741905e+000  2.7328721e+000  2.7421781e+000  2.7768789e+000  1.4000850e+000  3.9390577e+000  3.0468114e+000  2.5753021e+000  3.5462301e+000  3.0404803e+000
  2.0000000e+000  2.6172899e+000  3.7370667e+000  3.5341479e+000  4.1247428e+000  4.5065513e+000  2.1613530e+000  3.2788375e+000  3.2516964e+000  3.4202503e+000  5.3524243e+000
  2.0000000e+000  1.7634956e+000  2.9576695e+000  1.3138496e+000  3.5811538e+000  3.6192086e+000  3.9656265e+000  1.3805765e+000  4.0046272e+000  1.9507169e+000  4.7179729e+000
  2.0000000e+000  1.2266283e+000  2.9977883e+000  2.4637180e+000  3.4068179e+000  2.7162518e+000  1.6803449e+000  3.6407721e+000  3.5758163e+000  3.3889319e+000  3.4074875e+000
  2.0000000e+000  2.4572424e+000  3.0913464e+000  4.5142630e+000  3.0703823e+000  2.9497070e+000  1.8978327e-002  2.7380221e+000  3.3172972e-001  3.0636416e+000  1.4510562e+000
  2.0000000e+000  5.2249457e+000  2.4682798e+000  3.3612976e+000  2.8681490e+000  3.2183507e+000  4.3724468e+000  4.5848598e+000  3.6647298e+000  2.9547612e+000  1.9312762e+000
  1.0000000e+000  3.2300768e+000  2.8051258e+000  1.7177254e+000  1.3112799e+000  2.1447533e+000  2.7043425e+000  3.9977489e+000  4.0175514e+000  2.7102040e+000  3.8205206e+000
  2.0000000e+000  3.2911107e+000  1.8758593e+000  3.2468455e+000  2.0445395e+000  2.6393426e+000  2.8388738e+000  4.5556413e+000  2.8802418e+000  3.1566128e+000  2.0678729e-001
  2.0000000e+000  2.4547156e+000  2.9824128e+000  1.6817042e+000  3.6027923e+000  2.1293060e+000  1.8990430e+000  2.4569102e+000  2.6297022e+000  1.9080901e+000  2.5340032e+000
  1.0000000e+000  3.2845134e+000  2.7953475e+000  4.3352092e+000  3.8706342e+000  3.6673527e+000  2.0844542e+000  1.1748074e+000  2.8810215e+000  4.2293736e+000  1.8083356e+000
  2.0000000e+000  2.7218989e+000  4.0776060e+000  2.9523062e+000  3.7646829e+000  1.5859419e+000  3.5301891e+000  1.8282296e+000  2.3142735e+000  3.5608337e+000  2.2336040e+000
  1.0000000e+000  3.7938691e+000  1.8023347e+000  3.2818987e+000  3.4656415e+000  2.3526848e+000  3.5564094e+000  4.0296340e+000  4.1831703e+000  3.8770110e+000  3.2159546e+000
  2.0000000e+000  1.5158281e+000  3.9715939e+000  3.2231750e+000  2.8136224e+000  3.1956604e+000  2.4798949e+000  3.4932470e+000  2.6493909e+000  3.0771002e+000  3.7104681e+000
  2.0000000e+000  2.2517657e+000  2.7098323e+000  1.9891125e+000  1.4131564e+000  2.1149298e+000  3.3219204e+000  3.7077942e+000  2.8285020e+000  3.6023103e+000  3.1392749e+000
  1.0000000e+000  3.3575464e+000  1.4330463e+000  2.1616258e+000  4.0283530e+000  2.9764547e+000  2.6489886e+000  4.7799485e+000  2.5871491e+000  2.7452165e+000  1.9442534e+000
  2.0000000e+000  3.8321248e+000  2.5296948e+000  4.2405124e+000  4.7563193e-001  3.8726466e+000  3.6381839e+000  3.7763483e+000  3.7503721e+000  4.0771607e+000  4.2490646e+000
  2.0000000e+000  2.8058895e+000  4.3449741e+000  2.9900903e+000  2.8400846e+000  3.6192506e+000  2.9289704e+000  2.3070115e+000  2.2677009e+000  3.4067713e+000  2.8104399e+000
  2.0000000e+000  4.1836780e+000  4.3586133e+000  3.6601296e+000  1.5179876e+000  1.6280419e+000  3.3103222e+000  3.0449931e+000  4.0724539e+000  5.4263014e+000  2.4152179e+000
  2.0000000e+000  3.0303240e+000  3.4590442e+000  3.7486505e+000  4.2739284e+000  1.9878791e+000  1.6393935e+000  2.6348782e+000  2.1661946e+000  3.5118769e+000  3.0932118e+000
  1.0000000e+000  3.6562836e+000  2.6711456e+000  4.8645497e+000  2.8412104e+000  3.5432219e+000  3.4725407e+000  2.3555037e+000  4.0841470e+000  5.6581933e+000  3.0950980e+000
  2.0000000e+000  3.5699833e+000  3.0972105e+000  2.0108850e+000  2.1629833e+000  4.7760163e+000  1.6267149e+000  3.3893747e+000  1.4680047e+000  3.3716617e+000  2.0871759e+000
  1.0000000e+000  3.4661274e+000  2.6464106e+000  3.3754046e+000  3.8598741e+000  1.7597091e+000  2.6948022e+000  4.3929139e+000  2.7138821e+000  2.4949239e+000  4.2479381e+000
  2.0000000e+000  2.2962764e+000  1.2494920e+000  1.6650825e+000  3.0130231e+000  4.2447859e+000  1.3813962e+000  2.1495555e+000  4.9880020e+000  2.1000628e+000  1.1174176e+000
  1.0000000e+000  3.4255000e+000  2.5905589e+000  2.2483611e+000  3.4710296e+000  2.7325714e+000  2.3510000e+000  2.6361254e+000  2.6508166e+000  3.2313055e+000  1.9282314e+000
  2.0000000e+000  5.3657304e+000  4.5142867e+000  3.5058365e+000  2.1588307e+000  2.3711889e+000  3.0007274e+000  2.4956342e+000  1.6266855e+000  3.5254319e+000  1.3198660e+000
  2.0000000e+000  2.1879841e+000  1.6389551e+000  2.6829212e+000  2.5833019e+000  1.2860625e+000  3.6719419e+000  3.3448218e+000  2.3168282e+000  2.7040615e+000  3.8660924e+000
  2.0000000e+000  3.2040385e+000  1.9990280e+000  3.2433361e+000  3.0103055e+000  3.3324930e+000  1.7814880e+000  2.3516407e+000  2.6770013e+000  2.1351124e+000  2.3408770e+000
  2.0000000e+000  2.8023154e+000  3.2455480e+000  1.6488432e+000  2.1887884e+000  3.5729950e+000  6.3759577e-001  3.8289065e+000  2.6317938e+000  2.2812845e+000  1.9473829e+000
  2.0000000e+000  3.9877594e+000  3.5758519e+000  2.2190693e+000  5.0709787e+000  2.8543327e+000  2.8984289e+000  3.0027525e+000  3.0221182e+000  4.8218415e+000  5.1517566e+000
  2.0000000e+000  3.1375894e+000  3.9661235e+000  1.2713700e+000  1.1445855e+000  3.8582688e+000  1.1073423e+000  2.8605149e+000  2.3689877e+000  3.1674888e+000  2.9598081e+000
  1.0000000e+000  3.1517881e+000  2.0158481e+000  3.9088306e+000  2.8275041e+000  1.4954285e+000  2.8438375e+000  9.2854441e-001  2.7844773e+000  3.2978617e+000  3.0903454e+000
  1.0000000e+000  3.3530647e+000  9.3915142e-001  1.9388636e+000  3.0338665e+000  3.2920539e+000  2.9247969e+000  2.6142719e+000  2.6431564e+000  4.3513726e+000  1.4573879e+000
  2.0000000e+000  3.8313316e+000  1.3724900e+000  2.6936037e+000  3.0933248e+000  2.7503987e+000  4.2448230e+000  1.7356084e+000  3.0565998e+000  3.8054160e+000  3.6215141e+000
  2.0000000e+000  2.6681998e+000  3.1258147e+000  1.5238900e+000  4.2674544e+000  8.3083577e-001  1.9814617e+000  2.1559982e+000  1.7917166e+000  4.6081292e+000  2.1926013e+000
  2.0000000e+000  1.2977898e+000  3.5604921e+000  2.9253038e+000  3.6563002e+000  3.3915231e+000  3.2085649e+000  2.9033543e+000  1.3179246e+000  2.6427682e+000  3.6855818e+000
  1.0000000e+000  3.1687607e+000  3.2133404e+000  1.6594362e+000  2.3389307e+000  2.4383781e+000  2.7240928e+000  2.5142999e+000  3.2648795e+000  2.1647820e+000  3.3468113e+000
  2.0000000e+000  1.6987837e+000  1.2952507e+000  3.7383739e+000  2.8166883e+000  1.9575662e+000  3.3822514e+000  1.7357021e+000  1.8268622e+000  1.8630344e+000  1.8174833e+000
  2.0000000e+000  1.8538859e+000  3.2123795e+000  2.8694122e+000  4.4785600e+000  1.9345923e+000  3.4777567e+000  4.0638940e+000  3.6574797e+000  3.4808308e+000  2.2238756e+000
  2.0000000e+000  1.9838317e+000  3.7336091e+000  3.1867879e+000  3.5663097e+000  2.4014869e+000  3.1733910e+000  2.6485043e+000  1.6374722e+000  1.6516497e+000  1.7780441e+000
  2.0000000e+000  4.0052156e+000  3.1498362e+000  2.9810278e+000  2.7220324e+000  3.1180687e+000  4.0362444e+000  4.3400883e+000  1.0115613e+000  3.3189990e+000  2.9553015e+000
  2.0000000e+000  4.7772964e+000  3.9202537e+000  3.9063228e+000  3.0380458e+000  2.8278467e+000  3.8534207e+000  3.9259884e+000  3.5950639e+000  3.2918055e+000  3.2785826e+000
  2.0000000e+000  4.7529226e+000  5.3022725e+000  2.6848274e+000  4.2839961e+000  1.8762387e+000  3.5976712e+000  3.5629142e+000  4.0521597e+000  1.6546761e+000  3.3257893e+000
  2.0000000e+000  4.1398607e+000  3.3187684e+000  2.5077970e+000  2.6290919e+000  2.4063094e+000  2.0094940e+000  3.4041148e+000  2.2431381e+000  1.9609679e+000  3.7855368e+000
  2.0000000e+000  3.2899268e+000  2.3628421e+000  1.1777606e+000  3.4658565e+000  2.8828203e+000  4.7462120e+000  3.9308643e+000  2.7879102e+000  4.5856406e+000  2.9814547e+000
  1.0000000e+000  3.1363799e+000  2.2088588e+000  3.0693687e+000  2.8903893e+000  1.2093102e+000  3.3300529e+000  1.4733904e+000  2.6376765e+000  3.1887811e+000  2.4844622e+000
  2.0000000e+000  4.2979405e+000  1.5971706e+000  1.2778724e+000  1.9343002e+000  3.1064756e+000  3.5235436e+000  3.6318331e+000  3.1349687e+000  2.9549110e+000  1.6758317e+000
  2.0000000e+000  2.9309405e+000  3.0974018e+000  3.1988770e+000  3.7317885e+000  2.9738757e+000  3.8886669e+000  1.4623028e+000  2.7658391e+000  3.8313971e+000  2.5569331e+000
  1.0000000e+000  3.1804866e+000  1.6586165e+000  2.4377625e+000  2.3593079e+000  9.7663085e-001  2.6019225e+000  4.5234372e+000  3.3360980e+000  3.6876797e+000  2.5272427e+000
  2.0000000e+000  1.2327911e+000  1.9473644e+000  3.5597236e+000  2.1288811e+000  2.5641231e+000  3.4164260e+000  2.9256938e+000  4.6091262e+000  5.1000694e+000  2.2222882e+000
  2.0000000e+000  3.6318865e+000  2.7888726e+000  3.1349393e+000  3.6024384e+000  2.7390169e+000  4.4300313e+000  2.8453553e+000  4.6323934e+000  2.0547885e+000  4.4365765e+000
  2.0000000e+000  5.7128829e+000  1.5279209e+000  2.6869632e+000  3.1540406e+000  2.0776171e+000  3.0503106e+000  3.5120327e+000  1.5778503e+000  2.2983599e+000  1.7880832e+000
  2.0000000e+000  4.6478526e+000  5.2416168e+000  1.5678697e+000  3.4366493e+000  3.3065282e+000  3.0443396e-001  1.4678241e+000  3.3981550e+000  2.6404804e+000  3.1079485e+000
  2.0000000e+000  2.8972640e+000  4.3978557e+000  3.4825395e+000  4.4491437e+000  3.8378648e+000  2.5134770e+000  3.5938564e+000  3.3998072e+000  2.1026144e+000  4.3358187e+000
  1.0000000e+000  3.0577443e+000  2.5949715e+000  4.4692717e+000  2.0934600e+000  3.6975742e+000  2.1800684e+000  3.9839408e+000  3.3936110e+000  3.5721493e+000  1.6987451e+000
  1.0000000e+000  3.8528464e+000  2.0114031e+000  3.4131936e+000  2.6185630e+000  2.8891110e+000  3.4797895e+000  2.3972188e+000  3.0868239e+000  3.4000406e+000  1.9668002e+000
  2.0000000e+000  4.1620160e+000  4.1333501e+000  1.5408125e+000  3.3525586e+000  2.8445804e+000  2.6680214e+000  1.2980586e+000  3.2094335e+000  1.7892729e+000  2.8865930e+000
  2.0000000e+000  3.0138518e+000  2.7155748e+000  3.6776857e+000  2.0984541e+000  2.3920523e+000  7.4665309e-001  4.6537516e+000  5.1579925e+000  3.0720665e+000  4.0022951e+000
  1.0000000e+000  3.3010257e+000  4.3824645e+000  1.2405839e+000  6.1327197e+000  4.3608969e+000  3.1734590e+000  3.4010564e+000  3.9447192e+000  2.3088145e+000  3.5032968e+000
  2.0000000e+000  3.2990877e+000  3.2895302e+000  2.0830638e+000  2.6859245e+000  2.2787669e+000  4.1003428e+000  2.4159435e+000  2.1371749e+000  2.8976276e+000  4.0739455e+000
  2.0000000e+000  2.6881376e+000  4.2700252e+000  3.1798383e+000  2.5196825e+000  1.8207988e+000  3.6617503e+000  3.0554274e+000  2.2012357e+000  4.4410269e+000  2.6994964e+000
  2.0000000e+000  4.1745784e+000  2.4760685e+000  3.9108300e+000  3.7231505e+000  3.5180246e+000  3.9567827e+000  1.5396900e+000  3.1983611e+000  3.2532842e+000  4.4879111e+000
  2.0000000e+000  2.5475992e+000  2.9643632e+000  3.8983646e+000  2.2817008e+000  2.0501577e+000  3.6900917e+000  3.5267179e+000  2.5695127e+000  4.0277759e+000  7.3078992e-001
  2.0000000e+000  3.3916169e+000  2.8194763e+000  4.4040378e+000  3.8788609e+000  4.0367226e+000  1.7416525e+000  1.7989170e+000  3.1021373e+000  2.2819907e+000  4.0706054e+000
  1.0000000e+000  3.1398598e+000  1.9628936e+000  4.3250175e+000  2.1316013e+000  3.1031292e+000  2.9932590e+000  2.0120082e+000  3.7493855e+000  2.8839998e+000  2.8412414e+000
  2.0000000e+000  1.7118155e+000  4.3139482e+000  2.9010736e+000  3.1583650e+000  4.8888162e+000  2.5449226e+000  2.7902502e+000  2.2326914e+000  2.6747351e+000  2.1141133e+000
  1.0000000e+000  3.6556469e+000  2.3571417e+000  2.7997326e+000  4.3305324e+000  3.4439631e+000  3.1000888e+000  2.2182341e+000  1.9753006e+000  4.3937480e+000  3.7466969e+000
  2.0000000e+000  2.8736579e+000  2.1082516e+000  2.9073351e+000  4.6329486e+000  1.0206261e+000  1.5216040e+000  2.7885028e+000  2.8571242e+000  4.3348708e+000  2.0065201e+000
  2.0000000e+000  4.0198767e+000  2.5551354e+000  2.4936189e+000  1.6356037e+000  3.1186062e+000  3.3810933e+000  4.1902116e+000  1.3135984e+000  3.6327692e+000  4.0718697e+000
  2.0000000e+000  4.1925826e+000  1.3231472e+000  1.7308140e+000  2.2100377e+000  4.7231189e+000  3.8272315e+000  1.6492079e+000  4.4575398e+000  2.0626725e+000  1.3077664e+000
  2.0000000e+000  2.3714061e+000  3.9247498e+000  3.8781969e+000  3.6297801e-001  2.3078220e+000  2.2092863e+000  2.6128449e+000  3.6690739e+000  2.4334549e+000  2.4760195e+000
  2.0000000e+000  4.3246324e+000  3.2867566e+000  3.8241980e+000  2.2219914e+000  1.9493458e+000  1.0244941e+000  2.0144499e+000  1.7772102e+000  4.3214166e+000  2.6880999e+000
  2.0000000e+000  1.8972459e+000  3.5271406e+000  3.5405442e+000  2.9212995e+000  4.4250021e+000  5.2300443e+000  3.1163666e+000  3.8758601e+000  3.2330255e+000  3.4207882e+000
  2.0000000e+000  1.1059786e+000  4.1024107e+000  3.9278192e+000  3.8226256e+000  2.4542329e+000  4.4899236e+000  5.0724759e+000  1.5660858e+000  2.7889725e+000  4.1157796e+000
  2.0000000e+000  1.5413454e+000  3.8734818e+000  3.5209970e+000  1.9456358e+000  2.9259222e+000  2.1024717e+000  3.3052632e+000  1.4690713e+000  3.5939220e+000  2.7989017e+000
  1.0000000e+000  3.6468201e+000  2.5528488e+000  2.5593253e+000  4.0671257e+000  1.6492951e+000  2.5794740e+000  2.0240434e+000  3.0813122e+000  3.5721868e+000  3.8445052e+000
  2.0000000e+000  1.1743165e+000  2.3308638e+000  3.3595853e+000  3.5344150e+000  4.1220702e+000  2.0551268e+000  3.5049986e+000  2.4603234e+000  3.1471766e+000  7.0252367e-001
  2.0000000e+000  2.5760493e+000  1.9224898e+000  3.9074199e+000  4.7510449e+000  3.1434935e+000  3.1736045e+000  4.5291761e+000  3.8245911e+000  2.1397447e+000  2.0013209e+000
  2.0000000e+000  2.6919047e+000  1.8832967e+000  2.9826362e+000  2.2686068e+000  3.1246954e+000  3.7171391e+000  9.3449796e-001  3.7432284e+000  3.9083379e+000  1.7891573e+000
  2.0000000e+000  2.3917497e+000  3.6273566e+000  2.5649474e+000  2.5935025e+000  2.1285272e+000  4.6307204e+000  3.0332165e+000  3.0352802e+000  2.6873557e+000  2.9894882e+000
  2.0000000e+000  3.1231042e+000  2.9825142e+000  3.0336423e+000  2.9030658e+000  2.9493356e+000  1.8951203e+000  5.5916840e-001  2.9044989e+000  3.1287064e+000  3.1590222e+000
  2.0000000e+000  1.8344836e+000  3.5210271e+000  3.7819014e+000  4.1628734e+000  2.1887441e+000  2.5690496e+000  3.2568877e+000  4.1535178e+000  2.1277625e+000  2.3335723e+000
  2.0000000e+000  3.7063122e+000  2.2309366e+000  3.9725474e+000  1.2052977e+000  4.8093073e+000  3.8235151e+000  2.1226953e+000  2.0299678e+000  3.9513088e+000  3.9718854e+000
  2.0000000e+000  3.6990548e+000  3.1670364e+000  2.2278558e+000  2.9043135e+000  3.8973912e+000  2.8872370e+000  1.9219737e+000  4.4509604e+000  3.5490828e+000  5.0412798e+000
  2.0000000e+000  2.8757074e+000  1.5706566e+000  2.8454761e+000  3.5916034e+000  4.3618277e+000  3.1385565e+000  3.6721798e+000  2.9691370e+000  3.0488062e+000  2.0924198e+000
  2.0000000e+000 -1.1118372e-001  2.4688786e+000  5.3544252e+000  3.5286414e+000  3.7581691e+000  3.2493389e+000  4.6812766e+000  5.9085017e+000  2.3653381e+000  3.1786198e+000
  1.0000000e+000  3.1921547e+000  4.1804063e+000  1.3141798e+000  1.9569239e+000  6.1201052e-001  2.6906903e+000  3.8150811e+000  3.8035882e+000  3.0956344e+000  2.6354900e+000
  2.0000000e+000  7.9344945e-001  2.6850556e+000  3.1222527e+000  2.0141696e-001  2.2952799e+000  4.1875155e+000  1.8362836e+000  3.0847197e+000  4.0461374e+000  4.0239684e+000
  2.0000000e+000  3.5088712e+000  9.3279517e-001  1.8929289e+000  2.3089806e+000  3.4665520e+000  5.3148918e-001  3.9992554e+000  2.9850119e+000  3.0597027e+000  4.0822475e+000
  2.0000000e+000  2.2883331e+000  2.0917729e+000  2.3496510e+000  3.4806386e+000  3.4019893e+000  2.7693378e+000  2.8466066e+000  9.7521175e-001  2.2556977e+000  2.9003959e+000
